0 0.9579326923076923 0.42427884615384615 0.04927884615384615 0.14903846153846154
0 0.057692307692307696 0.5192307692307693 0.025240384615384616 0.055288461538461536
0 0.30408653846153844 0.038461538461538464 0.03365384615384615 0.038461538461538464
0 0.7307692307692307 0.04807692307692308 0.04326923076923077 0.040865384615384616
0 0.9050480769230769 0.6838942307692307 0.025240384615384616 0.03125
0 0.6021634615384616 0.9375 0.04927884615384615 0.027644230769230768
0 0.4987980769230769 0.9375 0.052884615384615384 0.02403846153846154
0 0.1141826923076923 0.7079326923076923 0.018028846153846152 0.04927884615384615
0 0.25721153846153844 0.8629807692307693 0.05048076923076923 0.027644230769230768
0 0.29447115384615385 0.8822115384615384 0.027644230769230768 0.03125
0 0.33052884615384615 0.8990384615384616 0.040865384615384616 0.025240384615384616