1 0.8064903846153846 0.41346153846153844 0.04326923076923077 0.04447115384615385
0 0.7860576923076923 0.203125 0.028846153846153848 0.03125
0 0.8245192307692307 0.2512019230769231 0.038461538461538464 0.04927884615384615
0 0.8509615384615384 0.30528846153846156 0.028846153846153848 0.046875
0 0.8737980769230769 0.3605769230769231 0.03365384615384615 0.06490384615384616
0 0.8894230769230769 0.43149038461538464 0.028846153846153848 0.05889423076923077
0 0.8978365384615384 0.5096153846153846 0.037259615384615384 0.09014423076923077
0 0.8954326923076923 0.5949519230769231 0.03365384615384615 0.07572115384615384
0 0.5144230769230769 0.9362980769230769 0.12259615384615384 0.025240384615384616
0 0.6875 0.8822115384615384 0.019230769230769232 0.03365384615384615
0 0.7992788461538461 0.7860576923076923 0.027644230769230768 0.025240384615384616
1 0.20432692307692307 0.5288461538461539 0.040865384615384616 0.06490384615384616
0 0.14182692307692307 0.26322115384615385 0.025240384615384616 0.021634615384615384