1 0.27163461538461536 0.3557692307692308 0.03125 0.038461538461538464
0 0.8822115384615384 0.47596153846153844 0.03485576923076923 0.25600961538461536
0 0.7091346153846154 0.1201923076923077 0.055288461538461536 0.03365384615384615
0 0.7848557692307693 0.20432692307692307 0.03485576923076923 0.04927884615384615
0 0.48197115384615385 0.9411057692307693 0.09014423076923077 0.038461538461538464
0 0.44350961538461536 0.06490384615384616 0.109375 0.021634615384615384
0 0.5865384615384616 0.07572115384615384 0.04927884615384615 0.025240384615384616
0 0.6514423076923077 0.09735576923076923 0.04927884615384615 0.019230769230769232
0 0.7307692307692307 0.8461538461538461 0.03485576923076923 0.03365384615384615
0 0.859375 0.6358173076923077 0.03125 0.037259615384615384
0 0.31971153846153844 0.10697115384615384 0.04326923076923077 0.025240384615384616
0 0.11298076923076923 0.40384615384615385 0.019230769230769232 0.09975961538461539
0 0.8161057692307693 0.7367788461538461 0.03125 0.03485576923076923
0 0.7896634615384616 0.7776442307692307 0.03365384615384615 0.038461538461538464