0 0.40865384615384615 0.9302884615384616 0.05889423076923077 0.028846153846153848
0 0.5072115384615384 0.9423076923076923 0.11778846153846154 0.028846153846153848
0 0.6009615384615384 0.9314903846153846 0.052884615384615384 0.02403846153846154
0 0.11658653846153846 0.39302884615384615 0.025240384615384616 0.09735576923076923
0 0.3137019230769231 0.11899038461538461 0.07572115384615384 0.02403846153846154
0 0.25240384615384615 0.15625 0.046875 0.038461538461538464
0 0.45913461538461536 0.07211538461538461 0.13701923076923078 0.01201923076923077
0 0.13221153846153846 0.31490384615384615 0.025240384615384616 0.040865384615384616
0 0.6850961538461539 0.8762019230769231 0.027644230769230768 0.037259615384615384
0 0.6454326923076923 0.9014423076923077 0.025240384615384616 0.028846153846153848
0 0.10697115384615384 0.5276442307692307 0.015625 0.14903846153846154