0 0.8221153846153846 0.34375 0.03125 0.07451923076923077
0 0.8365384615384616 0.42908653846153844 0.028846153846153848 0.08413461538461539
0 0.7608173076923077 0.21514423076923078 0.025240384615384616 0.03485576923076923
0 0.7944711538461539 0.27403846153846156 0.025240384615384616 0.038461538461538464
0 0.6526442307692307 0.109375 0.027644230769230768 0.019230769230769232
0 0.6826923076923077 0.13341346153846154 0.025240384615384616 0.025240384615384616
0 0.8197115384615384 0.6177884615384616 0.013221153846153846 0.07451923076923077
0 0.8004807692307693 0.6742788461538461 0.019230769230769232 0.038461538461538464
0 0.7860576923076923 0.7067307692307693 0.021634615384615384 0.03125
0 0.7608173076923077 0.7319711538461539 0.021634615384615384 0.02403846153846154
0 0.7427884615384616 0.7632211538461539 0.02403846153846154 0.03125
0 0.71875 0.7872596153846154 0.02403846153846154 0.019230769230769232
0 0.5817307692307693 0.8641826923076923 0.05048076923076923 0.025240384615384616
0 0.5024038461538461 0.8786057692307693 0.04447115384615385 0.019230769230769232
0 0.2776442307692308 0.7956730769230769 0.04326923076923077 0.040865384615384616