0 0.12620192307692307 0.5444711538461539 0.028846153846153848 0.2403846153846154
0 0.48197115384615385 0.07091346153846154 0.2127403846153846 0.028846153846153848
0 0.21033653846153846 0.21634615384615385 0.04447115384615385 0.052884615384615384
0 0.16346153846153846 0.2932692307692308 0.038461538461538464 0.09735576923076923
0 0.8425480769230769 0.5012019230769231 0.021634615384615384 0.20552884615384615
0 0.7572115384615384 0.20793269230769232 0.03485576923076923 0.052884615384615384
0 0.27283653846153844 0.15144230769230768 0.04927884615384615 0.037259615384615384
0 0.33052884615384615 0.11177884615384616 0.06610576923076923 0.027644230769230768
0 0.2620192307692308 0.8774038461538461 0.038461538461538464 0.027644230769230768
0 0.671875 0.8990384615384616 0.03125 0.01201923076923077
1 0.5576923076923077 0.8052884615384616 0.025240384615384616 0.025240384615384616