0 0.5228365384615384 0.09495192307692307 0.17427884615384615 0.04447115384615385
0 0.6394230769230769 0.12259615384615384 0.04927884615384615 0.04927884615384615
0 0.6850961538461539 0.13942307692307693 0.03365384615384615 0.04927884615384615
0 0.7283653846153846 0.16947115384615385 0.03485576923076923 0.03365384615384615
0 0.7944711538461539 0.22716346153846154 0.03485576923076923 0.028846153846153848
0 0.8377403846153846 0.26322115384615385 0.038461538461538464 0.04326923076923077
0 0.9134615384615384 0.5348557692307693 0.021634615384615384 0.08653846153846154
0 0.9014423076923077 0.6201923076923077 0.009615384615384616 0.06490384615384616
0 0.8822115384615384 0.6646634615384616 0.01201923076923077 0.025240384615384616
0 0.6598557692307693 0.8894230769230769 0.05889423076923077 0.040865384615384616
0 0.18028846153846154 0.21634615384615385 0.040865384615384616 0.03485576923076923
0 0.06370192307692307 0.5132211538461539 0.018028846153846152 0.15625
0 0.24278846153846154 0.8509615384615384 0.038461538461538464 0.028846153846153848
0 0.28846153846153844 0.8774038461538461 0.021634615384615384 0.019230769230769232
0 0.484375 0.9194711538461539 0.12139423076923077 0.03125
0 0.5841346153846154 0.9182692307692307 0.06610576923076923 0.02403846153846154
0 0.0829326923076923 0.6201923076923077 0.025240384615384616 0.052884615384615384
1 0.7439903846153846 0.40865384615384615 0.03485576923076923 0.056490384615384616