1 0.7043269230769231 0.32211538461538464 0.056490384615384616 0.05889423076923077
0 0.3545673076923077 0.09134615384615384 0.06850961538461539 0.028846153846153848
0 0.4891826923076923 0.06490384615384616 0.1466346153846154 0.04326923076923077
0 0.7319711538461539 0.14302884615384615 0.06850961538461539 0.04326923076923077
0 0.09014423076923077 0.34134615384615385 0.04326923076923077 0.055288461538461536
0 0.9158653846153846 0.39783653846153844 0.038461538461538464 0.09134615384615384
0 0.9459134615384616 0.5024038461538461 0.040865384615384616 0.04326923076923077
0 0.4050480769230769 0.9603365384615384 0.1346153846153846 0.03365384615384615
0 0.6490384615384616 0.9423076923076923 0.052884615384615384 0.021634615384615384
0 0.7584134615384616 0.8942307692307693 0.040865384615384616 0.027644230769230768
0 0.8112980769230769 0.8461538461538461 0.04447115384615385 0.03485576923076923
0 0.10817307692307693 0.7379807692307693 0.028846153846153848 0.038461538461538464