0 0.9146634615384616 0.5769230769230769 0.04927884615384615 0.21634615384615385
0 0.8822115384615384 0.6742788461538461 0.03485576923076923 0.08173076923076923
0 0.8401442307692307 0.25600961538461536 0.046875 0.06971153846153846
0 0.6274038461538461 0.07692307692307693 0.046875 0.028846153846153848
0 0.5288461538461539 0.055288461538461536 0.052884615384615384 0.021634615384615384
0 0.21875 0.18990384615384615 0.038461538461538464 0.037259615384615384
0 0.11177884615384616 0.5913461538461539 0.03365384615384615 0.09735576923076923
0 0.29927884615384615 0.8786057692307693 0.046875 0.03485576923076923
0 0.6490384615384616 0.9158653846153846 0.06490384615384616 0.027644230769230768
0 0.16346153846153846 0.2620192307692308 0.040865384615384616 0.06610576923076923
0 0.13221153846153846 0.3425480769230769 0.03125 0.07211538461538461
1 0.6826923076923077 0.2848557692307692 0.04927884615384615 0.055288461538461536