0 0.18509615384615385 0.24278846153846154 0.01201923076923077 0.02403846153846154
0 0.8269230769230769 0.33533653846153844 0.018028846153846152 0.040865384615384616
0 0.8413461538461539 0.38100961538461536 0.018028846153846152 0.03125
0 0.8485576923076923 0.4230769230769231 0.013221153846153846 0.040865384615384616
0 0.7860576923076923 0.25841346153846156 0.021634615384615384 0.018028846153846152
0 0.8004807692307693 0.28725961538461536 0.015625 0.019230769230769232
0 0.8149038461538461 0.30649038461538464 0.015625 0.015625
0 0.484375 0.09615384615384616 0.02403846153846154 0.009615384615384616
0 0.10096153846153846 0.5240384615384616 0.025240384615384616 0.21514423076923078
0 0.3125 0.8786057692307693 0.046875 0.02403846153846154
0 0.6225961538461539 0.8822115384615384 0.05048076923076923 0.018028846153846152
1 0.6959134615384616 0.6298076923076923 0.025240384615384616 0.06490384615384616
0 0.5649038461538461 0.11177884615384616 0.06610576923076923 0.02403846153846154
0 0.7067307692307693 0.18509615384615385 0.038461538461538464 0.03365384615384615
0 0.7427884615384616 0.21394230769230768 0.019230769230769232 0.040865384615384616