0 0.07451923076923077 0.49399038461538464 0.038461538461538464 0.09375
0 0.09134615384615384 0.5637019230769231 0.03125 0.04927884615384615
0 0.109375 0.3125 0.015625 0.05048076923076923
0 0.12740384615384615 0.26322115384615385 0.027644230769230768 0.04326923076923077
0 0.26322115384615385 0.8257211538461539 0.038461538461538464 0.07211538461538461
0 0.30649038461538464 0.8365384615384616 0.038461538461538464 0.05048076923076923
0 0.3545673076923077 0.8737980769230769 0.04447115384615385 0.07572115384615384
0 0.40865384615384615 0.8677884615384616 0.06009615384615385 0.03485576923076923
0 0.10697115384615384 0.6298076923076923 0.038461538461538464 0.040865384615384616
0 0.4411057692307692 0.08653846153846154 0.12860576923076922 0.02403846153846154
0 0.2848557692307692 0.14182692307692307 0.046875 0.018028846153846152
0 0.7680288461538461 0.1658653846153846 0.04927884615384615 0.03125
0 0.734375 0.8052884615384616 0.038461538461538464 0.038461538461538464
0 0.765625 0.7836538461538461 0.03485576923076923 0.04447115384615385
0 0.7992788461538461 0.7475961538461539 0.03125 0.03125
0 0.71875 0.8401442307692307 0.038461538461538464 0.027644230769230768