0 0.8725961538461539 0.296875 0.125 0.13221153846153846
0 0.8605769230769231 0.40865384615384615 0.03365384615384615 0.08173076923076923
0 0.8557692307692307 0.4831730769230769 0.02403846153846154 0.06850961538461539
0 0.8509615384615384 0.5805288461538461 0.015625 0.09375
0 0.8341346153846154 0.6610576923076923 0.015625 0.028846153846153848
0 0.8545673076923077 0.7199519230769231 0.08052884615384616 0.10697115384615384
0 0.8149038461538461 0.7668269230769231 0.04326923076923077 0.06850961538461539
0 0.7824519230769231 0.7980769230769231 0.040865384615384616 0.052884615384615384
0 0.19471153846153846 0.7728365384615384 0.021634615384615384 0.052884615384615384
0 0.21875 0.828125 0.04326923076923077 0.046875
0 0.125 0.43509615384615385 0.02403846153846154 0.06850961538461539
0 0.1658653846153846 0.7139423076923077 0.03125 0.06850961538461539
0 0.17548076923076922 0.28966346153846156 0.027644230769230768 0.04447115384615385
0 0.2668269230769231 0.1346153846153846 0.052884615384615384 0.078125
0 0.31850961538461536 0.09735576923076923 0.046875 0.05048076923076923
0 0.39783653846153844 0.07091346153846154 0.10697115384615384 0.037259615384615384
0 0.5216346153846154 0.04927884615384615 0.12139423076923077 0.052884615384615384
0 0.6237980769230769 0.07932692307692307 0.06850961538461539 0.056490384615384616
0 0.7127403846153846 0.15144230769230768 0.04326923076923077 0.037259615384615384
0 0.7680288461538461 0.19471153846153846 0.040865384615384616 0.038461538461538464
0 0.8052884615384616 0.22596153846153846 0.019230769230769232 0.03485576923076923
0 0.4879807692307692 0.9483173076923077 0.08653846153846154 0.025240384615384616