0 0.5420673076923077 0.09254807692307693 0.06009615384615385 0.025240384615384616
0 0.7764423076923077 0.28966346153846156 0.03365384615384615 0.040865384615384616
0 0.6935096153846154 0.18509615384615385 0.03125 0.028846153846153848
0 0.7992788461538461 0.3389423076923077 0.02403846153846154 0.037259615384615384
0 0.8149038461538461 0.4387019230769231 0.025240384615384616 0.09975961538461539
1 0.45913461538461536 0.7980769230769231 0.06971153846153846 0.052884615384615384
0 0.10697115384615384 0.5204326923076923 0.02403846153846154 0.056490384615384616
0 0.35096153846153844 0.11298076923076923 0.09375 0.03125
0 0.24639423076923078 0.171875 0.019230769230769232 0.03125
0 0.7644230769230769 0.7596153846153846 0.028846153846153848 0.03125
0 0.8064903846153846 0.6237980769230769 0.019230769230769232 0.08774038461538461
0 0.7836538461538461 0.7091346153846154 0.027644230769230768 0.055288461538461536
0 0.6826923076923077 0.859375 0.04447115384615385 0.038461538461538464
0 0.7307692307692307 0.8245192307692307 0.03125 0.03485576923076923
0 0.7451923076923077 0.7980769230769231 0.03365384615384615 0.037259615384615384