1 0.4735576923076923 0.20552884615384615 0.04447115384615385 0.04326923076923077
0 0.7211538461538461 0.10697115384615384 0.038461538461538464 0.027644230769230768
0 0.9350961538461539 0.4026442307692308 0.03485576923076923 0.09014423076923077
0 0.8762019230769231 0.71875 0.018028846153846152 0.04326923076923077
0 0.8461538461538461 0.7704326923076923 0.019230769230769232 0.040865384615384616
0 0.5180288461538461 0.9182692307692307 0.06610576923076923 0.02403846153846154
0 0.1346153846153846 0.6298076923076923 0.02403846153846154 0.07211538461538461
0 0.18509615384615385 0.7319711538461539 0.040865384615384616 0.05889423076923077
0 0.109375 0.42908653846153844 0.027644230769230768 0.17427884615384615
0 0.13221153846153846 0.31009615384615385 0.02403846153846154 0.09615384615384616
0 0.16706730769230768 0.2439903846153846 0.028846153846153848 0.05048076923076923
0 0.20552884615384615 0.19951923076923078 0.046875 0.04326923076923077