0 0.8617788461538461 0.27403846153846156 0.038461538461538464 0.04927884615384615
0 0.5552884615384616 0.05889423076923077 0.06610576923076923 0.03485576923076923
0 0.6141826923076923 0.07211538461538461 0.040865384615384616 0.027644230769230768
0 0.41225961538461536 0.06490384615384616 0.07451923076923077 0.027644230769230768
0 0.12139423076923077 0.35096153846153844 0.019230769230769232 0.046875
0 0.10697115384615384 0.40865384615384615 0.019230769230769232 0.06610576923076923
0 0.09615384615384616 0.5 0.019230769230769232 0.09014423076923077
0 0.09615384615384616 0.5793269230769231 0.028846153846153848 0.04927884615384615
0 0.12259615384615384 0.640625 0.02403846153846154 0.03485576923076923
0 0.1466346153846154 0.6802884615384616 0.027644230769230768 0.03485576923076923
0 0.16706730769230768 0.7175480769230769 0.018028846153846152 0.03365384615384615
0 0.18990384615384615 0.7524038461538461 0.02403846153846154 0.025240384615384616
0 0.20432692307692307 0.7788461538461539 0.028846153846153848 0.028846153846153848
0 0.23076923076923078 0.8100961538461539 0.027644230769230768 0.04326923076923077
0 0.25961538461538464 0.8461538461538461 0.027644230769230768 0.046875
0 0.2932692307692308 0.8725961538461539 0.03125 0.052884615384615384
0 0.328125 0.8870192307692307 0.03125 0.03125
0 0.36658653846153844 0.8990384615384616 0.037259615384615384 0.021634615384615384
0 0.40865384615384615 0.9086538461538461 0.028846153846153848 0.013221153846153846
0 0.45552884615384615 0.9170673076923077 0.027644230769230768 0.013221153846153846
0 0.49158653846153844 0.921875 0.03365384615384615 0.015625
0 0.53125 0.9230769230769231 0.038461538461538464 0.018028846153846152
0 0.5733173076923077 0.9182692307692307 0.037259615384615384 0.02403846153846154
0 0.6141826923076923 0.9146634615384616 0.028846153846153848 0.028846153846153848
1 0.765625 0.41947115384615385 0.038461538461538464 0.078125
0 0.8846153846153846 0.6394230769230769 0.015625 0.04447115384615385
0 0.8677884615384616 0.6778846153846154 0.01201923076923077 0.02403846153846154
0 0.9026442307692307 0.46634615384615385 0.019230769230769232 0.11298076923076923