0 0.11658653846153846 0.4026442307692308 0.018028846153846152 0.08653846153846154
0 0.11177884615384616 0.49759615384615385 0.02403846153846154 0.08413461538461539
0 0.39663461538461536 0.07091346153846154 0.06610576923076923 0.013221153846153846
0 0.3137019230769231 0.11177884615384616 0.028846153846153848 0.027644230769230768
0 0.6586538461538461 0.09735576923076923 0.04326923076923077 0.02403846153846154
0 0.8762019230769231 0.4879807692307692 0.021634615384615384 0.08653846153846154
0 0.8641826923076923 0.39783653846153844 0.021634615384615384 0.08052884615384616
0 0.8485576923076923 0.33774038461538464 0.018028846153846152 0.03125
0 0.8004807692307693 0.75 0.027644230769230768 0.038461538461538464
0 0.4074519230769231 0.8954326923076923 0.07211538461538461 0.03365384615384615
0 0.5204326923076923 0.9050480769230769 0.1346153846153846 0.018028846153846152
0 0.20072115384615385 0.7608173076923077 0.028846153846153848 0.04927884615384615