0 0.9411057692307693 0.34134615384615385 0.03485576923076923 0.07211538461538461
0 0.7355769230769231 0.14903846153846154 0.056490384615384616 0.038461538461538464
0 0.7848557692307693 0.17067307692307693 0.038461538461538464 0.037259615384615384
0 0.5973557692307693 0.10697115384615384 0.0625 0.02403846153846154
0 0.3125 0.8557692307692307 0.03485576923076923 0.03125
0 0.34975961538461536 0.8689903846153846 0.03125 0.03125
0 0.38461538461538464 0.8810096153846154 0.03485576923076923 0.019230769230769232
0 0.43028846153846156 0.8882211538461539 0.052884615384615384 0.019230769230769232
0 0.47596153846153844 0.8930288461538461 0.03125 0.021634615384615384
0 0.5168269230769231 0.9014423076923077 0.040865384615384616 0.018028846153846152
0 0.5637019230769231 0.8978365384615384 0.04447115384615385 0.018028846153846152
0 0.6129807692307693 0.8918269230769231 0.04326923076923077 0.021634615384615384
0 0.08052884615384616 0.44711538461538464 0.027644230769230768 0.09014423076923077
0 0.9711538461538461 0.49759615384615385 0.018028846153846152 0.06971153846153846