0 0.9050480769230769 0.5180288461538461 0.025240384615384616 0.09615384615384616
0 0.8990384615384616 0.5913461538461539 0.03125 0.037259615384615384
0 0.8846153846153846 0.6382211538461539 0.019230769230769232 0.046875
0 0.8641826923076923 0.6742788461538461 0.018028846153846152 0.04447115384615385
0 0.7596153846153846 0.1658653846153846 0.046875 0.038461538461538464
0 0.8137019230769231 0.2283653846153846 0.028846153846153848 0.038461538461538464
0 0.4411057692307692 0.06971153846153846 0.09375 0.03125
0 0.14302884615384615 0.6694711538461539 0.03125 0.07572115384615384
0 0.5252403846153846 0.06971153846153846 0.055288461538461536 0.019230769230769232
0 0.5805288461538461 0.08173076923076923 0.046875 0.027644230769230768
0 0.6274038461538461 0.09254807692307693 0.037259615384615384 0.037259615384615384
0 0.6742788461538461 0.11057692307692307 0.037259615384615384 0.028846153846153848
0 0.7139423076923077 0.1346153846153846 0.028846153846153848 0.04326923076923077
0 0.26322115384615385 0.15264423076923078 0.038461538461538464 0.03125
0 0.22716346153846154 0.18028846153846154 0.028846153846153848 0.03365384615384615
0 0.20072115384615385 0.21153846153846154 0.027644230769230768 0.03365384615384615
0 0.171875 0.24879807692307693 0.027644230769230768 0.037259615384615384
0 0.1502403846153846 0.28846153846153844 0.02403846153846154 0.04326923076923077
0 0.13221153846153846 0.33052884615384615 0.019230769230769232 0.046875
0 0.34615384615384615 0.8774038461538461 0.040865384615384616 0.02403846153846154
0 0.39903846153846156 0.8978365384615384 0.056490384615384616 0.03365384615384615
1 0.6201923076923077 0.7427884615384616 0.04447115384615385 0.0625
0 0.8389423076923077 0.27524038461538464 0.018028846153846152 0.03485576923076923