1 0.46033653846153844 0.7644230769230769 0.03365384615384615 0.018028846153846152
0 0.7944711538461539 0.4026442307692308 0.03365384615384615 0.15985576923076922
0 0.7992788461538461 0.6117788461538461 0.019230769230769232 0.09134615384615384
0 0.1141826923076923 0.5132211538461539 0.021634615384615384 0.06850961538461539
0 0.5492788461538461 0.10817307692307693 0.06009615384615385 0.028846153846153848
0 0.49278846153846156 0.8930288461538461 0.09735576923076923 0.01201923076923077
0 0.7367788461538461 0.7668269230769231 0.03485576923076923 0.040865384615384616
0 0.7644230769230769 0.7211538461538461 0.028846153846153848 0.056490384615384616
0 0.7788461538461539 0.6778846153846154 0.03365384615384615 0.03125
0 0.2980769230769231 0.14423076923076922 0.040865384615384616 0.019230769230769232
0 0.24759615384615385 0.18629807692307693 0.025240384615384616 0.025240384615384616
0 0.6959134615384616 0.8052884615384616 0.03365384615384615 0.04447115384615385
0 0.6586538461538461 0.8293269230769231 0.040865384615384616 0.028846153846153848