0 0.45913461538461536 0.1346153846153846 0.0625 0.019230769230769232
0 0.9314903846153846 0.5096153846153846 0.019230769230769232 0.05889423076923077
1 0.5528846153846154 0.7512019230769231 0.0625 0.04447115384615385
0 0.16346153846153846 0.43149038461538464 0.021634615384615384 0.10576923076923077
0 0.8028846153846154 0.21995192307692307 0.038461538461538464 0.03365384615384615
0 0.7127403846153846 0.16466346153846154 0.027644230769230768 0.018028846153846152
0 0.7644230769230769 0.18990384615384615 0.028846153846153848 0.025240384615384616
0 0.46875 0.8689903846153846 0.03485576923076923 0.015625
0 0.2824519230769231 0.7884615384615384 0.04927884615384615 0.04447115384615385
0 0.23557692307692307 0.7439903846153846 0.037259615384615384 0.05048076923076923
0 0.19831730769230768 0.6802884615384616 0.03365384615384615 0.055288461538461536
0 0.16346153846153846 0.5913461538461539 0.018028846153846152 0.06610576923076923
0 0.18028846153846154 0.3557692307692308 0.02403846153846154 0.05048076923076923
0 0.6478365384615384 0.14302884615384615 0.04927884615384615 0.018028846153846152
0 0.7908653846153846 0.7884615384615384 0.03125 0.027644230769230768