0 0.41225961538461536 0.036057692307692304 0.109375 0.040865384615384616
0 0.1201923076923077 0.24158653846153846 0.03365384615384615 0.040865384615384616
0 0.09975961538461539 0.28365384615384615 0.027644230769230768 0.055288461538461536
0 0.0829326923076923 0.3389423076923077 0.021634615384615384 0.04927884615384615
0 0.0625 0.41346153846153844 0.027644230769230768 0.08653846153846154
0 0.7596153846153846 0.12259615384615384 0.038461538461538464 0.03485576923076923
1 0.7331730769230769 0.6742788461538461 0.07572115384615384 0.05889423076923077
0 0.7524038461538461 0.8605769230769231 0.05048076923076923 0.04447115384615385
0 0.36778846153846156 0.9350961538461539 0.0625 0.028846153846153848
0 0.4338942307692308 0.9495192307692307 0.055288461538461536 0.02403846153846154
0 0.2127403846153846 0.8485576923076923 0.03125 0.025240384615384616
0 0.25 0.8774038461538461 0.03485576923076923 0.027644230769230768
0 0.0889423076923077 0.6670673076923077 0.018028846153846152 0.028846153846153848
0 0.9194711538461539 0.4951923076923077 0.019230769230769232 0.09615384615384616
0 0.8521634615384616 0.24278846153846154 0.021634615384615384 0.04326923076923077
0 0.5036057692307693 0.037259615384615384 0.06610576923076923 0.027644230769230768
0 0.32091346153846156 0.07091346153846154 0.08052884615384616 0.028846153846153848