0 0.6742788461538461 0.12259615384615384 0.04326923076923077 0.025240384615384616
0 0.43149038461538464 0.09375 0.19110576923076922 0.03125
0 0.08533653846153846 0.31850961538461536 0.03365384615384615 0.05048076923076923
0 0.028846153846153848 0.5576923076923077 0.037259615384615384 0.12259615384615384
0 0.2644230769230769 0.8942307692307693 0.052884615384615384 0.03485576923076923
0 0.6971153846153846 0.9074519230769231 0.038461538461538464 0.037259615384615384
0 0.8425480769230769 0.7980769230769231 0.028846153846153848 0.028846153846153848
0 0.9447115384615384 0.6129807692307693 0.021634615384615384 0.027644230769230768
0 0.9519230769230769 0.47115384615384615 0.021634615384615384 0.05889423076923077
0 0.8641826923076923 0.26322115384615385 0.025240384615384616 0.021634615384615384
0 0.8930288461538461 0.3004807692307692 0.037259615384615384 0.05048076923076923
0 0.05048076923076923 0.4182692307692308 0.01201923076923077 0.05048076923076923