0 0.5252403846153846 0.10336538461538461 0.05889423076923077 0.02403846153846154
0 0.6057692307692307 0.12259615384615384 0.046875 0.018028846153846152
0 0.8088942307692307 0.25841346153846156 0.038461538461538464 0.025240384615384616
0 0.8317307692307693 0.28966346153846156 0.02403846153846154 0.028846153846153848
1 0.6658653846153846 0.3016826923076923 0.038461538461538464 0.04447115384615385
0 0.8533653846153846 0.34615384615384615 0.02403846153846154 0.04326923076923077
0 0.8725961538461539 0.39903846153846156 0.03125 0.055288461538461536
0 0.8870192307692307 0.45552884615384615 0.03485576923076923 0.05048076923076923
0 0.8966346153846154 0.5420673076923077 0.046875 0.11899038461538461
0 0.8677884615384616 0.6310096153846154 0.040865384615384616 0.055288461538461536
0 0.8341346153846154 0.6790865384615384 0.03125 0.025240384615384616
0 0.8052884615384616 0.7055288461538461 0.027644230769230768 0.025240384615384616
0 0.7788461538461539 0.7367788461538461 0.021634615384615384 0.025240384615384616
0 0.7007211538461539 0.8064903846153846 0.03125 0.02403846153846154
0 0.6634615384615384 0.8293269230769231 0.03125 0.028846153846153848
0 0.6322115384615384 0.8425480769230769 0.028846153846153848 0.021634615384615384
0 0.3016826923076923 0.8076923076923077 0.037259615384615384 0.025240384615384616
0 0.39302884615384615 0.8485576923076923 0.02403846153846154 0.018028846153846152
0 0.4206730769230769 0.8533653846153846 0.025240384615384616 0.019230769230769232
0 0.25600961538461536 0.7680288461538461 0.02403846153846154 0.018028846153846152
0 0.1622596153846154 0.6550480769230769 0.02403846153846154 0.021634615384615384
0 0.1502403846153846 0.6322115384615384 0.019230769230769232 0.015625
0 0.14302884615384615 0.6117788461538461 0.025240384615384616 0.018028846153846152
0 0.1310096153846154 0.5889423076923077 0.019230769230769232 0.021634615384615384
0 0.12259615384615384 0.5492788461538461 0.025240384615384616 0.04447115384615385
0 0.12259615384615384 0.5012019230769231 0.015625 0.052884615384615384
0 0.13822115384615385 0.3737980769230769 0.01201923076923077 0.04927884615384615
0 0.15144230769230768 0.33533653846153844 0.018028846153846152 0.04447115384615385
0 0.16346153846153846 0.29927884615384615 0.025240384615384616 0.040865384615384616
0 0.18028846153846154 0.2704326923076923 0.021634615384615384 0.03365384615384615
0 0.20072115384615385 0.2439903846153846 0.028846153846153848 0.03485576923076923
0 0.22956730769230768 0.21634615384615385 0.03365384615384615 0.025240384615384616