0 0.8786057692307693 0.6634615384615384 0.03485576923076923 0.06610576923076923
0 0.7019230769230769 0.8569711538461539 0.052884615384615384 0.04447115384615385
0 0.6514423076923077 0.8918269230769231 0.06009615384615385 0.037259615384615384
0 0.6021634615384616 0.9038461538461539 0.07572115384615384 0.027644230769230768
0 0.5697115384615384 0.9242788461538461 0.09735576923076923 0.04326923076923077
0 0.45552884615384615 0.9122596153846154 0.13701923076923078 0.055288461538461536
0 0.28725961538461536 0.8389423076923077 0.07451923076923077 0.06490384615384616
0 0.09735576923076923 0.5084134615384616 0.03485576923076923 0.056490384615384616
0 0.5949519230769231 0.07211538461538461 0.08413461538461539 0.04326923076923077
0 0.2247596153846154 0.18028846153846154 0.04326923076923077 0.040865384615384616
0 0.11778846153846154 0.6081730769230769 0.037259615384615384 0.08052884615384616
0 0.8581730769230769 0.29447115384615385 0.028846153846153848 0.07211538461538461