0 0.43149038461538464 0.09375 0.09375 0.04326923076923077
0 0.5120192307692307 0.09254807692307693 0.05889423076923077 0.037259615384615384
0 0.5649038461538461 0.10576923076923077 0.046875 0.038461538461538464
0 0.6069711538461539 0.12139423076923077 0.027644230769230768 0.027644230769230768
0 0.6382211538461539 0.13581730769230768 0.025240384615384616 0.028846153846153848
0 0.6694711538461539 0.14783653846153846 0.027644230769230768 0.021634615384615384
0 0.7043269230769231 0.15865384615384615 0.037259615384615384 0.03125
0 0.8521634615384616 0.38100961538461536 0.03365384615384615 0.0625
0 0.8737980769230769 0.48197115384615385 0.03365384615384615 0.06490384615384616
0 0.35697115384615385 0.11538461538461539 0.05048076923076923 0.04326923076923077
0 0.3161057692307692 0.1466346153846154 0.038461538461538464 0.03485576923076923
0 0.1502403846153846 0.34615384615384615 0.027644230769230768 0.055288461538461536
0 0.13581730769230768 0.46634615384615385 0.018028846153846152 0.11298076923076923
0 0.13701923076923078 0.5829326923076923 0.02403846153846154 0.10336538461538461
0 0.16947115384615385 0.6862980769230769 0.03485576923076923 0.08052884615384616
0 0.2091346153846154 0.7620192307692307 0.019230769230769232 0.02403846153846154
0 0.35336538461538464 0.8834134615384616 0.038461538461538464 0.021634615384615384
0 0.3942307692307692 0.9038461538461539 0.038461538461538464 0.02403846153846154
0 0.43509615384615385 0.9158653846153846 0.03485576923076923 0.019230769230769232
0 0.47596153846153844 0.9182692307692307 0.038461538461538464 0.015625
0 0.5949519230769231 0.9026442307692307 0.037259615384615384 0.015625
0 0.6322115384615384 0.8918269230769231 0.025240384615384616 0.018028846153846152
0 0.6694711538461539 0.8762019230769231 0.037259615384615384 0.021634615384615384
0 0.7055288461538461 0.8557692307692307 0.025240384615384616 0.02403846153846154
0 0.7307692307692307 0.8341346153846154 0.019230769230769232 0.03125
0 0.7560096153846154 0.8052884615384616 0.03125 0.03365384615384615
0 0.7788461538461539 0.7680288461538461 0.019230769230769232 0.040865384615384616
0 0.7980769230769231 0.7379807692307693 0.025240384615384616 0.04326923076923077
0 0.8137019230769231 0.7007211538461539 0.018028846153846152 0.03485576923076923
0 0.8341346153846154 0.6730769230769231 0.015625 0.025240384615384616
1 0.6586538461538461 0.3125 0.019230769230769232 0.019230769230769232
1 0.6850961538461539 0.3389423076923077 0.021634615384615384 0.021634615384615384