1 0.5697115384615384 0.1814903846153846 0.027644230769230768 0.02403846153846154
0 0.057692307692307696 0.46634615384615385 0.037259615384615384 0.2776442307692308
0 0.49759615384615385 0.9399038461538461 0.18028846153846154 0.03365384615384615
0 0.9134615384615384 0.5072115384615384 0.019230769230769232 0.21634615384615385
0 0.8100961538461539 0.7932692307692307 0.03125 0.03485576923076923
0 0.36778846153846156 0.039663461538461536 0.08413461538461539 0.018028846153846152
0 0.1141826923076923 0.7271634615384616 0.028846153846153848 0.08052884615384616
0 0.15504807692307693 0.7956730769230769 0.021634615384615384 0.056490384615384616
0 0.21634615384615385 0.8485576923076923 0.03125 0.04927884615384615
0 0.2608173076923077 0.8810096153846154 0.040865384615384616 0.04326923076923077
0 0.2283653846153846 0.1045673076923077 0.04326923076923077 0.028846153846153848
0 0.11778846153846154 0.234375 0.025240384615384616 0.04326923076923077