1 0.25600961538461536 0.42908653846153844 0.01201923076923077 0.018028846153846152
1 0.27403846153846156 0.390625 0.009615384615384616 0.01201923076923077
0 0.10216346153846154 0.5360576923076923 0.021634615384615384 0.08774038461538461
0 0.11298076923076923 0.6346153846153846 0.019230769230769232 0.08173076923076923
0 0.47115384615384615 0.10096153846153846 0.19471153846153846 0.03485576923076923
0 0.7956730769230769 0.21634615384615385 0.040865384615384616 0.025240384615384616
0 0.9038461538461539 0.5288461538461539 0.019230769230769232 0.1622596153846154
0 0.47115384615384615 0.9230769230769231 0.20673076923076922 0.028846153846153848
0 0.31971153846153844 0.14302884615384615 0.06850961538461539 0.019230769230769232
0 0.15865384615384615 0.2848557692307692 0.03365384615384615 0.055288461538461536
0 0.3329326923076923 0.8834134615384616 0.04927884615384615 0.025240384615384616
0 0.7007211538461539 0.8701923076923077 0.0625 0.03365384615384615