0 0.8858173076923077 0.2764423076923077 0.04927884615384615 0.052884615384615384
0 0.9447115384615384 0.5 0.03485576923076923 0.09735576923076923
0 0.8966346153846154 0.6310096153846154 0.055288461538461536 0.03485576923076923
0 0.6550480769230769 0.8846153846153846 0.15384615384615385 0.10096153846153846
0 0.7295673076923077 0.8209134615384616 0.06850961538461539 0.056490384615384616
0 0.2439903846153846 0.7944711538461539 0.140625 0.1622596153846154
0 0.234375 0.16947115384615385 0.0625 0.03125
0 0.6021634615384616 0.10216346153846154 0.04447115384615385 0.03365384615384615
0 0.7223557692307693 0.15264423076923078 0.04326923076923077 0.027644230769230768
0 0.9170673076923077 0.37259615384615385 0.037259615384615384 0.09134615384615384
0 0.42427884615384615 0.10216346153846154 0.04326923076923077 0.018028846153846152