0 0.6526442307692307 0.07211538461538461 0.14903846153846154 0.12139423076923077
0 0.7139423076923077 0.15865384615384615 0.09615384615384616 0.09014423076923077
0 0.7884615384615384 0.25 0.03485576923076923 0.055288461538461536
0 0.8509615384615384 0.3449519230769231 0.056490384615384616 0.08052884615384616
0 0.8882211538461539 0.4651442307692308 0.0625 0.14903846153846154
0 0.8822115384615384 0.609375 0.025240384615384616 0.11298076923076923
0 0.2800480769230769 0.13822115384615385 0.11899038461538461 0.12740384615384615
0 0.25240384615384615 0.203125 0.06610576923076923 0.0625
0 0.14302884615384615 0.5576923076923077 0.02403846153846154 0.09134615384615384
0 0.27283653846153844 0.8629807692307693 0.052884615384615384 0.038461538461538464
0 0.43990384615384615 0.9375 0.040865384615384616 0.02403846153846154
0 0.5745192307692307 0.9399038461538461 0.08173076923076923 0.02403846153846154
0 0.8521634615384616 0.7103365384615384 0.021634615384615384 0.09134615384615384
0 0.8197115384615384 0.7680288461538461 0.037259615384615384 0.06850961538461539