0 0.8641826923076923 0.28846153846153844 0.037259615384615384 0.05048076923076923
0 0.546875 0.0829326923076923 0.05889423076923077 0.021634615384615384
0 0.5961538461538461 0.09254807692307693 0.03365384615384615 0.025240384615384616
0 0.40625 0.09375 0.08173076923076923 0.02403846153846154
1 0.7728365384615384 0.43028846153846156 0.06009615384615385 0.09375
0 0.6117788461538461 0.8930288461538461 0.03125 0.038461538461538464
0 0.0985576923076923 0.39302884615384615 0.025240384615384616 0.09735576923076923
0 0.08413461538461539 0.4795673076923077 0.015625 0.09134615384615384
0 0.08413461538461539 0.5625 0.03485576923076923 0.08653846153846154
0 0.1875 0.7620192307692307 0.02403846153846154 0.027644230769230768
0 0.21394230769230768 0.7920673076923077 0.025240384615384616 0.028846153846153848
0 0.24278846153846154 0.8221153846153846 0.03125 0.04326923076923077
0 0.28365384615384615 0.8509615384615384 0.038461538461538464 0.05048076923076923
0 0.31971153846153844 0.8629807692307693 0.03365384615384615 0.038461538461538464
0 0.36177884615384615 0.8786057692307693 0.037259615384615384 0.027644230769230768
0 0.4074519230769231 0.8870192307692307 0.04927884615384615 0.019230769230769232
0 0.47596153846153844 0.8978365384615384 0.07451923076923077 0.018028846153846152
0 0.5576923076923077 0.8990384615384616 0.07211538461538461 0.013221153846153846
0 0.8846153846153846 0.6382211538461539 0.015625 0.07211538461538461
0 0.20552884615384615 0.20192307692307693 0.027644230769230768 0.018028846153846152