0 0.4182692307692308 0.055288461538461536 0.12139423076923077 0.04326923076923077
0 0.8641826923076923 0.33052884615384615 0.021634615384615384 0.038461538461538464
0 0.8846153846153846 0.37740384615384615 0.027644230769230768 0.06490384615384616
0 0.8918269230769231 0.4795673076923077 0.021634615384615384 0.052884615384615384
0 0.1141826923076923 0.30528846153846156 0.025240384615384616 0.055288461538461536
0 0.6586538461538461 0.09615384615384616 0.03485576923076923 0.021634615384615384
0 0.6430288461538461 0.09014423076923077 0.03125 0.027644230769230768
0 0.7079326923076923 0.875 0.04447115384615385 0.03125
0 0.7475961538461539 0.8377403846153846 0.027644230769230768 0.03125
0 0.8461538461538461 0.7199519230769231 0.015625 0.04447115384615385
0 0.12259615384615384 0.7103365384615384 0.03125 0.04447115384615385
0 0.1971153846153846 0.18509615384615385 0.03485576923076923 0.03125
0 0.5528846153846154 0.9411057692307693 0.046875 0.02403846153846154