0 0.6634615384615384 0.07932692307692307 0.06610576923076923 0.04927884615384615
0 0.3449519230769231 0.07932692307692307 0.06850961538461539 0.028846153846153848
0 0.8870192307692307 0.34615384615384615 0.04326923076923077 0.09134615384615384
0 0.8978365384615384 0.49158653846153844 0.025240384615384616 0.16947115384615385
0 0.5252403846153846 0.9555288461538461 0.0625 0.040865384615384616
0 0.8341346153846154 0.7524038461538461 0.03485576923076923 0.05889423076923077
0 0.1935096153846154 0.7824519230769231 0.03485576923076923 0.056490384615384616
0 0.24158653846153846 0.8353365384615384 0.04447115384615385 0.04927884615384615
0 0.12740384615384615 0.6370192307692307 0.021634615384615384 0.055288461538461536
0 0.14903846153846154 0.6899038461538461 0.027644230769230768 0.040865384615384616
1 0.5973557692307693 0.7884615384615384 0.06971153846153846 0.03365384615384615