0 0.5649038461538461 0.06009615384615385 0.10096153846153846 0.040865384615384616
1 0.5204326923076923 0.7163461538461539 0.04447115384615385 0.037259615384615384
0 0.11899038461538461 0.375 0.02403846153846154 0.05889423076923077
0 0.2860576923076923 0.8870192307692307 0.04447115384615385 0.04326923076923077
0 0.4326923076923077 0.9555288461538461 0.06009615384615385 0.03365384615384615
0 0.5661057692307693 0.953125 0.027644230769230768 0.027644230769230768
0 0.8401442307692307 0.7259615384615384 0.027644230769230768 0.038461538461538464
0 0.11177884615384616 0.515625 0.018028846153846152 0.11298076923076923
0 0.13942307692307693 0.6971153846153846 0.037259615384615384 0.11298076923076923
0 0.8509615384615384 0.3088942307692308 0.025240384615384616 0.05048076923076923
0 0.34134615384615385 0.09375 0.046875 0.02403846153846154