1 0.23677884615384615 0.4050480769230769 0.03125 0.06850961538461539
0 0.5877403846153846 0.08052884615384616 0.04326923076923077 0.027644230769230768
0 0.8257211538461539 0.2620192307692308 0.02403846153846154 0.027644230769230768
0 0.8533653846153846 0.3004807692307692 0.027644230769230768 0.038461538461538464
0 0.8713942307692307 0.34134615384615385 0.019230769230769232 0.03125
0 0.8810096153846154 0.38221153846153844 0.015625 0.040865384615384616
0 0.8882211538461539 0.43149038461538464 0.015625 0.05889423076923077
0 0.8918269230769231 0.4891826923076923 0.018028846153846152 0.052884615384615384
0 0.8521634615384616 0.6694711538461539 0.021634615384615384 0.052884615384615384
0 0.8305288461538461 0.703125 0.018028846153846152 0.027644230769230768
0 0.8112980769230769 0.7331730769230769 0.021634615384615384 0.025240384615384616
0 0.7920673076923077 0.7572115384615384 0.025240384615384616 0.02403846153846154
0 0.7680288461538461 0.7848557692307693 0.019230769230769232 0.02403846153846154
0 0.7427884615384616 0.8088942307692307 0.025240384615384616 0.027644230769230768
0 0.7163461538461539 0.8329326923076923 0.028846153846153848 0.028846153846153848
0 0.6358173076923077 0.875 0.025240384615384616 0.015625
0 0.6057692307692307 0.8882211538461539 0.03125 0.019230769230769232
0 0.5625 0.8990384615384616 0.05048076923076923 0.02403846153846154
0 0.5144230769230769 0.9038461538461539 0.04447115384615385 0.015625
0 0.4519230769230769 0.9002403846153846 0.07572115384615384 0.027644230769230768
0 0.11658653846153846 0.6430288461538461 0.028846153846153848 0.078125
0 0.140625 0.7055288461538461 0.03485576923076923 0.046875
0 0.16346153846153846 0.7451923076923077 0.040865384615384616 0.04447115384615385
0 0.19110576923076922 0.7740384615384616 0.05048076923076923 0.040865384615384616
0 0.22115384615384615 0.8004807692307693 0.04447115384615385 0.03485576923076923
0 0.25961538461538464 0.8257211538461539 0.02403846153846154 0.02403846153846154
0 0.29447115384615385 0.8497596153846154 0.027644230769230768 0.019230769230769232
0 0.31971153846153844 0.8641826923076923 0.021634615384615384 0.018028846153846152
0 0.10096153846153846 0.4423076923076923 0.013221153846153846 0.09975961538461539
0 0.25721153846153844 0.14543269230769232 0.027644230769230768 0.028846153846153848