0 0.8365384615384616 0.25 0.03125 0.027644230769230768
0 0.8774038461538461 0.28365384615384615 0.03125 0.03365384615384615
0 0.9182692307692307 0.4170673076923077 0.038461538461538464 0.1346153846153846
0 0.9411057692307693 0.5216346153846154 0.038461538461538464 0.05889423076923077
0 0.9170673076923077 0.5745192307692307 0.013221153846153846 0.038461538461538464
0 0.8930288461538461 0.328125 0.028846153846153848 0.04326923076923077
0 0.2247596153846154 0.18629807692307693 0.0625 0.028846153846153848
0 0.5913461538461539 0.11778846153846154 0.09375 0.037259615384615384
0 0.6298076923076923 0.8810096153846154 0.08774038461538461 0.03125
0 0.7103365384615384 0.84375 0.06009615384615385 0.05048076923076923
0 0.7487980769230769 0.8040865384615384 0.021634615384615384 0.04447115384615385
0 0.1971153846153846 0.7584134615384616 0.027644230769230768 0.056490384615384616
0 0.23557692307692307 0.8052884615384616 0.040865384615384616 0.052884615384615384