0 0.6850961538461539 0.10697115384615384 0.05048076923076923 0.03485576923076923
0 0.890625 0.33533653846153844 0.027644230769230768 0.04447115384615385
0 0.9146634615384616 0.4014423076923077 0.028846153846153848 0.11899038461538461
0 0.07932692307692307 0.39663461538461536 0.025240384615384616 0.055288461538461536
0 0.07572115384615384 0.5024038461538461 0.018028846153846152 0.06971153846153846
0 0.125 0.6947115384615384 0.027644230769230768 0.05048076923076923
0 0.15504807692307693 0.7475961538461539 0.025240384615384616 0.040865384615384616
0 0.18389423076923078 0.78125 0.019230769230769232 0.03125
0 0.25721153846153844 0.8377403846153846 0.03485576923076923 0.019230769230769232
0 0.28846153846153844 0.8617788461538461 0.02403846153846154 0.021634615384615384
0 0.5036057692307693 0.9110576923076923 0.027644230769230768 0.021634615384615384
0 0.8449519230769231 0.7283653846153846 0.018028846153846152 0.038461538461538464
0 0.8617788461538461 0.7019230769230769 0.018028846153846152 0.037259615384615384
0 0.8786057692307693 0.6478365384615384 0.019230769230769232 0.056490384615384616
1 0.24158653846153846 0.34975961538461536 0.040865384615384616 0.08653846153846154