0 0.4675480769230769 0.05889423076923077 0.1466346153846154 0.04326923076923077
0 0.5817307692307693 0.08052884615384616 0.07451923076923077 0.028846153846153848
0 0.6430288461538461 0.0985576923076923 0.04447115384615385 0.037259615384615384
0 0.6875 0.11778846153846154 0.038461538461538464 0.04927884615384615
0 0.7223557692307693 0.14302884615384615 0.027644230769230768 0.056490384615384616
0 0.171875 0.24759615384615385 0.05889423076923077 0.07572115384615384
0 0.11778846153846154 0.31490384615384615 0.12259615384615384 0.09735576923076923
0 0.12740384615384615 0.3918269230769231 0.040865384615384616 0.056490384615384616
0 0.13341346153846154 0.4639423076923077 0.025240384615384616 0.08413461538461539
0 0.1346153846153846 0.5432692307692307 0.027644230769230768 0.0625
0 0.140625 0.6033653846153846 0.02403846153846154 0.04326923076923077
0 0.12620192307692307 0.7067307692307693 0.06490384615384616 0.07451923076923077
0 0.18028846153846154 0.7572115384615384 0.03365384615384615 0.06971153846153846
0 0.5036057692307693 0.9471153846153846 0.05889423076923077 0.02403846153846154
0 0.7824519230769231 0.8137019230769231 0.025240384615384616 0.07211538461538461
0 0.8040865384615384 0.7668269230769231 0.013221153846153846 0.04447115384615385
0 0.8653846153846154 0.4362980769230769 0.03125 0.08052884615384616
0 0.8185096153846154 0.29927884615384615 0.03485576923076923 0.04326923076923077
0 0.8581730769230769 0.6117788461538461 0.013221153846153846 0.04447115384615385
0 0.35697115384615385 0.09495192307692307 0.0625 0.037259615384615384