0 0.8701923076923077 0.6887019230769231 0.056490384615384616 0.06009615384615385
0 0.7896634615384616 0.7223557692307693 0.06009615384615385 0.06610576923076923
0 0.6141826923076923 0.8762019230769231 0.028846153846153848 0.037259615384615384
0 0.5600961538461539 0.8846153846153846 0.0625 0.038461538461538464
0 0.49278846153846156 0.9050480769230769 0.07572115384615384 0.04927884615384615
0 0.41466346153846156 0.8930288461538461 0.08052884615384616 0.015625
0 0.28125 0.8052884615384616 0.03485576923076923 0.03365384615384615
0 0.31490384615384615 0.84375 0.07572115384615384 0.05889423076923077
0 0.20432692307692307 0.6838942307692307 0.03365384615384615 0.055288461538461536
0 0.23197115384615385 0.22596153846153846 0.03485576923076923 0.08413461538461539
0 0.8401442307692307 0.31850961538461536 0.055288461538461536 0.055288461538461536
0 0.7716346153846154 0.24639423076923078 0.08173076923076923 0.09375
0 0.15865384615384615 0.5625 0.03125 0.05048076923076923
0 0.8293269230769231 0.6334134615384616 0.03365384615384615 0.09134615384615384