0 0.8930288461538461 0.37740384615384615 0.027644230769230768 0.07572115384615384
0 0.9086538461538461 0.4266826923076923 0.02403846153846154 0.056490384615384616
0 0.9074519230769231 0.5216346153846154 0.018028846153846152 0.09735576923076923
0 0.8028846153846154 0.7776442307692307 0.03125 0.05048076923076923
0 0.7680288461538461 0.8052884615384616 0.03485576923076923 0.019230769230769232
0 0.49158653846153844 0.06850961538461539 0.15384615384615385 0.03125
0 0.7127403846153846 0.11778846153846154 0.04326923076923077 0.03365384615384615
0 0.7524038461538461 0.14423076923076922 0.027644230769230768 0.03125
0 0.37259615384615385 0.08052884615384616 0.08413461538461539 0.03365384615384615
0 0.125 0.3449519230769231 0.02403846153846154 0.04927884615384615
0 0.11899038461538461 0.390625 0.015625 0.04326923076923077
0 0.10576923076923077 0.46274038461538464 0.019230769230769232 0.09014423076923077
0 0.16346153846153846 0.7151442307692307 0.02403846153846154 0.05048076923076923
0 0.19471153846153846 0.7403846153846154 0.03485576923076923 0.046875
0 0.22716346153846154 0.7752403846153846 0.03365384615384615 0.04326923076923077
0 0.25721153846153844 0.8064903846153846 0.028846153846153848 0.03485576923076923
0 0.28846153846153844 0.8341346153846154 0.025240384615384616 0.03485576923076923
0 0.3269230769230769 0.859375 0.040865384615384616 0.04326923076923077
0 0.3713942307692308 0.8822115384615384 0.04326923076923077 0.038461538461538464
0 0.43990384615384615 0.9050480769230769 0.08774038461538461 0.052884615384615384
0 0.5168269230769231 0.9122596153846154 0.056490384615384616 0.03485576923076923
0 0.5661057692307693 0.9014423076923077 0.03485576923076923 0.028846153846153848
0 0.7836538461538461 0.17427884615384615 0.025240384615384616 0.025240384615384616
1 0.25961538461538464 0.5697115384615384 0.019230769230769232 0.02403846153846154
1 0.27884615384615385 0.6069711538461539 0.021634615384615384 0.021634615384615384