0 0.0985576923076923 0.3641826923076923 0.037259615384615384 0.09975961538461539
0 0.078125 0.43990384615384615 0.02403846153846154 0.11899038461538461
0 0.07692307692307693 0.5456730769230769 0.025240384615384616 0.08052884615384616
0 0.39903846153846156 0.8810096153846154 0.056490384615384616 0.03485576923076923
0 0.4723557692307692 0.8882211538461539 0.06610576923076923 0.02403846153846154
0 0.5444711538461539 0.8834134615384616 0.06490384615384616 0.025240384615384616
0 0.6165865384615384 0.8629807692307693 0.06490384615384616 0.02403846153846154
0 0.6790865384615384 0.8365384615384616 0.056490384615384616 0.027644230769230768
0 0.26322115384615385 0.1622596153846154 0.08774038461538461 0.03485576923076923
1 0.7199519230769231 0.515625 0.025240384615384616 0.03125
0 0.44350961538461536 0.11298076923076923 0.125 0.01201923076923077