0 0.8617788461538461 0.39783653846153844 0.021634615384615384 0.052884615384615384
0 0.8810096153846154 0.44711538461538464 0.027644230769230768 0.06971153846153846
0 0.8930288461538461 0.5240384615384616 0.02403846153846154 0.06971153846153846
0 0.8882211538461539 0.5913461538461539 0.015625 0.04927884615384615
0 0.09975961538461539 0.6526442307692307 0.015625 0.038461538461538464
0 0.8509615384615384 0.7007211538461539 0.021634615384615384 0.027644230769230768
0 0.8365384615384616 0.7211538461538461 0.018028846153846152 0.027644230769230768
0 0.8677884615384616 0.65625 0.013221153846153846 0.03125
0 0.26802884615384615 0.8701923076923077 0.037259615384615384 0.025240384615384616
0 0.22716346153846154 0.8377403846153846 0.03365384615384615 0.03125
0 0.3137019230769231 0.8846153846153846 0.04447115384615385 0.027644230769230768