0 0.6165865384615384 0.05889423076923077 0.04447115384615385 0.027644230769230768
0 0.6550480769230769 0.06971153846153846 0.025240384615384616 0.028846153846153848
0 0.7163461538461539 0.09975961538461539 0.05048076923076923 0.038461538461538464
0 0.765625 0.13221153846153846 0.038461538461538464 0.055288461538461536
0 0.7992788461538461 0.15865384615384615 0.02403846153846154 0.055288461538461536
0 0.8269230769230769 0.19591346153846154 0.028846153846153848 0.052884615384615384
0 0.4362980769230769 0.052884615384615384 0.15865384615384615 0.03485576923076923
0 0.5072115384615384 0.9182692307692307 0.078125 0.027644230769230768
1 0.78125 0.49399038461538464 0.03125 0.0625
0 0.33653846153846156 0.09134615384615384 0.027644230769230768 0.025240384615384616
0 0.31009615384615385 0.10697115384615384 0.028846153846153848 0.027644230769230768
0 0.2860576923076923 0.12620192307692307 0.025240384615384616 0.025240384615384616
0 0.2439903846153846 0.16105769230769232 0.03125 0.025240384615384616
0 0.21875 0.19110576923076922 0.027644230769230768 0.02403846153846154
0 0.20072115384615385 0.21634615384615385 0.021634615384615384 0.027644230769230768
0 0.1814903846153846 0.24639423076923078 0.019230769230769232 0.027644230769230768
0 0.16346153846153846 0.27884615384615385 0.018028846153846152 0.02403846153846154
0 0.14903846153846154 0.3112980769230769 0.025240384615384616 0.025240384615384616
0 0.13701923076923078 0.34975961538461536 0.015625 0.03125
0 0.12860576923076922 0.38221153846153844 0.015625 0.03125
0 0.125 0.5637019230769231 0.019230769230769232 0.037259615384615384
0 0.13221153846153846 0.5997596153846154 0.015625 0.027644230769230768
0 0.13942307692307693 0.6322115384615384 0.018028846153846152 0.03125
0 0.15504807692307693 0.6658653846153846 0.021634615384615384 0.027644230769230768
0 0.16826923076923078 0.6983173076923077 0.027644230769230768 0.03365384615384615
0 0.18870192307692307 0.734375 0.025240384615384616 0.03125
0 0.21394230769230768 0.7692307692307693 0.021634615384615384 0.027644230769230768
0 0.3449519230769231 0.8713942307692307 0.025240384615384616 0.015625
0 0.8100961538461539 0.7608173076923077 0.027644230769230768 0.028846153846153848