0 0.4891826923076923 0.08774038461538461 0.2247596153846154 0.04326923076923077
0 0.8569711538461539 0.5324519230769231 0.025240384615384616 0.23677884615384615
0 0.16346153846153846 0.38822115384615385 0.04326923076923077 0.16947115384615385
0 0.2091346153846154 0.2620192307692308 0.038461538461538464 0.055288461538461536
0 0.27884615384615385 0.18389423076923078 0.056490384615384616 0.046875
1 0.2956730769230769 0.6466346153846154 0.040865384615384616 0.08653846153846154
0 0.65625 0.90625 0.046875 0.04326923076923077
0 0.36538461538461536 0.9074519230769231 0.046875 0.040865384615384616
0 0.7776442307692307 0.23557692307692307 0.046875 0.06490384615384616
0 0.6430288461538461 0.12740384615384615 0.04447115384615385 0.03125
0 0.7043269230769231 0.16947115384615385 0.037259615384615384 0.028846153846153848