0 0.31490384615384615 0.9759615384615384 0.037259615384615384 0.037259615384615384
0 0.6935096153846154 0.9122596153846154 0.04326923076923077 0.03125
0 0.7163461538461539 0.8786057692307693 0.05889423076923077 0.027644230769230768
0 0.7644230769230769 0.8125 0.09134615384615384 0.09375
0 0.3425480769230769 0.9387019230769231 0.08413461538461539 0.03365384615384615
0 0.37740384615384615 0.9050480769230769 0.109375 0.040865384615384616
0 0.2848557692307692 0.8629807692307693 0.08173076923076923 0.08173076923076923
0 0.12980769230769232 0.6730769230769231 0.06490384615384616 0.07572115384615384
0 0.08653846153846154 0.5324519230769231 0.056490384615384616 0.15384615384615385
0 0.09134615384615384 0.3942307692307692 0.03365384615384615 0.10576923076923077
0 0.7451923076923077 0.14543269230769232 0.08774038461538461 0.06009615384615385
0 0.17908653846153846 0.22115384615384615 0.037259615384615384 0.028846153846153848
0 0.14302884615384615 0.25961538461538464 0.055288461538461536 0.04326923076923077
0 0.12259615384615384 0.30528846153846156 0.037259615384615384 0.03365384615384615
0 0.28966346153846156 0.13221153846153846 0.04927884615384615 0.03365384615384615
0 0.4098557692307692 0.06971153846153846 0.046875 0.025240384615384616
0 0.5757211538461539 0.07572115384615384 0.04447115384615385 0.02403846153846154