0 0.8617788461538461 0.4891826923076923 0.009615384615384616 0.03365384615384615
0 0.8689903846153846 0.5204326923076923 0.019230769230769232 0.028846153846153848
0 0.8629807692307693 0.5516826923076923 0.015625 0.025240384615384616
0 0.20432692307692307 0.31850961538461536 0.025240384615384616 0.04326923076923077
0 0.7247596153846154 0.8293269230769231 0.01201923076923077 0.009615384615384616
0 0.7427884615384616 0.8052884615384616 0.019230769230769232 0.013221153846153846
0 0.7019230769230769 0.84375 0.009615384615384616 0.01201923076923077
0 0.1778846153846154 0.6574519230769231 0.015625 0.028846153846153848
0 0.7584134615384616 0.22115384615384615 0.03365384615384615 0.037259615384615384
0 0.8557692307692307 0.5889423076923077 0.019230769230769232 0.037259615384615384
0 0.16826923076923078 0.41947115384615385 0.02403846153846154 0.08052884615384616
1 0.3401442307692308 0.31971153846153844 0.03485576923076923 0.046875