0 0.4987980769230769 0.06971153846153846 0.09134615384615384 0.027644230769230768
0 0.7860576923076923 0.24639423076923078 0.037259615384615384 0.03485576923076923
0 0.8257211538461539 0.3485576923076923 0.040865384615384616 0.10336538461538461
0 0.8461538461538461 0.6490384615384616 0.03485576923076923 0.09735576923076923
0 0.8557692307692307 0.53125 0.027644230769230768 0.09014423076923077
1 0.5240384615384616 0.8004807692307693 0.06009615384615385 0.038461538461538464
0 0.09735576923076923 0.6081730769230769 0.02403846153846154 0.06850961538461539
0 0.2980769230769231 0.9002403846153846 0.056490384615384616 0.03125
0 0.18870192307692307 0.21875 0.06009615384615385 0.05889423076923077
0 0.8233173076923077 0.7211538461538461 0.04927884615384615 0.028846153846153848
0 0.7836538461538461 0.78125 0.06610576923076923 0.07451923076923077
0 0.2932692307692308 0.12259615384615384 0.019230769230769232 0.018028846153846152