0 0.8858173076923077 0.2692307692307692 0.03365384615384615 0.027644230769230768
0 0.9134615384615384 0.328125 0.037259615384615384 0.07451923076923077
0 0.9230769230769231 0.3918269230769231 0.013221153846153846 0.028846153846153848
0 0.9350961538461539 0.45072115384615385 0.013221153846153846 0.0625
0 0.9387019230769231 0.53125 0.018028846153846152 0.09014423076923077
0 0.5973557692307693 0.08052884615384616 0.05048076923076923 0.02403846153846154
0 0.7319711538461539 0.13221153846153846 0.037259615384615384 0.028846153846153848
0 0.23076923076923078 0.20192307692307693 0.027644230769230768 0.037259615384615384
0 0.11778846153846154 0.53125 0.019230769230769232 0.03125
0 0.15865384615384615 0.6622596153846154 0.028846153846153848 0.046875
0 0.19831730769230768 0.7175480769230769 0.021634615384615384 0.025240384615384616
0 0.25721153846153844 0.7836538461538461 0.027644230769230768 0.037259615384615384
0 0.29927884615384615 0.8125 0.038461538461538464 0.03125
0 0.43149038461538464 0.875 0.05048076923076923 0.027644230769230768
0 0.5012019230769231 0.8834134615384616 0.07211538461538461 0.018028846153846152
0 0.6610576923076923 0.8605769230769231 0.037259615384615384 0.018028846153846152
0 0.7463942307692307 0.8305288461538461 0.038461538461538464 0.02403846153846154
0 0.7788461538461539 0.8052884615384616 0.018028846153846152 0.021634615384615384
0 0.9122596153846154 0.6262019230769231 0.019230769230769232 0.040865384615384616
1 0.26322115384615385 0.4699519230769231 0.018028846153846152 0.04447115384615385