0 0.515625 0.11538461538461539 0.20673076923076922 0.027644230769230768
0 0.9194711538461539 0.44350961538461536 0.018028846153846152 0.10096153846153846
0 0.9194711538461539 0.5757211538461539 0.021634615384615384 0.07211538461538461
0 0.9014423076923077 0.6274038461538461 0.018028846153846152 0.04927884615384615
0 0.7644230769230769 0.7848557692307693 0.040865384615384616 0.027644230769230768
0 0.7271634615384616 0.8064903846153846 0.025240384615384616 0.02403846153846154
0 0.6899038461538461 0.8221153846153846 0.046875 0.019230769230769232
0 0.359375 0.12620192307692307 0.09014423076923077 0.028846153846153848
0 0.29086538461538464 0.15865384615384615 0.055288461538461536 0.03125
0 0.25961538461538464 0.7860576923076923 0.055288461538461536 0.04927884615384615
1 0.2536057692307692 0.47115384615384615 0.019230769230769232 0.021634615384615384