1 0.30528846153846156 0.36899038461538464 0.02403846153846154 0.06610576923076923
0 0.3713942307692308 0.11658653846153846 0.046875 0.025240384615384616
0 0.6466346153846154 0.11658653846153846 0.055288461538461536 0.03365384615384615
0 0.8221153846153846 0.36538461538461536 0.019230769230769232 0.04326923076923077
0 0.8401442307692307 0.47115384615384615 0.02403846153846154 0.13701923076923078
0 0.7716346153846154 0.7524038461538461 0.02403846153846154 0.052884615384615384
0 0.17307692307692307 0.59375 0.025240384615384616 0.109375
0 0.19110576923076922 0.6754807692307693 0.027644230769230768 0.04326923076923077
0 0.21634615384615385 0.7271634615384616 0.03365384615384615 0.04927884615384615
0 0.2536057692307692 0.7788461538461539 0.03125 0.03485576923076923
0 0.29447115384615385 0.8197115384615384 0.040865384615384616 0.03485576923076923
0 0.390625 0.8774038461538461 0.03125 0.028846153846153848
0 0.45913461538461536 0.9002403846153846 0.09014423076923077 0.03125
0 0.5360576923076923 0.9050480769230769 0.052884615384615384 0.018028846153846152