0 0.6033653846153846 0.11177884615384616 0.21514423076923078 0.03125
0 0.671875 0.0829326923076923 0.055288461538461536 0.12259615384615384
0 0.71875 0.15144230769230768 0.04326923076923077 0.052884615384615384
0 0.31490384615384615 0.13701923076923078 0.05048076923076923 0.10576923076923077
0 0.2608173076923077 0.1875 0.04927884615384615 0.0625
0 0.25240384615384615 0.8377403846153846 0.04447115384615385 0.038461538461538464
0 0.9026442307692307 0.43990384615384615 0.055288461538461536 0.21153846153846154
0 0.8617788461538461 0.7163461538461539 0.038461538461538464 0.08774038461538461
0 0.8894230769230769 0.6069711538461539 0.021634615384615384 0.11538461538461539
0 0.13221153846153846 0.5444711538461539 0.025240384615384616 0.13701923076923078
0 0.59375 0.9122596153846154 0.046875 0.027644230769230768
0 0.4338942307692308 0.9086538461538461 0.04326923076923077 0.019230769230769232
0 0.7115384615384616 0.8569711538461539 0.037259615384615384 0.021634615384615384
0 0.8088942307692307 0.7632211538461539 0.038461538461538464 0.038461538461538464
0 0.7836538461538461 0.234375 0.021634615384615384 0.038461538461538464
0 0.8449519230769231 0.3245192307692308 0.021634615384615384 0.03125