0 0.5805288461538461 0.06971153846153846 0.07572115384615384 0.03365384615384615
0 0.8581730769230769 0.27884615384615385 0.028846153846153848 0.037259615384615384
0 0.8942307692307693 0.37740384615384615 0.02403846153846154 0.05889423076923077
0 0.9002403846153846 0.46153846153846156 0.015625 0.06610576923076923
0 0.8930288461538461 0.5661057692307693 0.013221153846153846 0.05048076923076923
0 0.8846153846153846 0.6490384615384616 0.019230769230769232 0.08052884615384616
0 0.36658653846153844 0.0829326923076923 0.10336538461538461 0.028846153846153848
0 0.2932692307692308 0.12259615384615384 0.055288461538461536 0.025240384615384616
0 0.25 0.15625 0.04326923076923077 0.02403846153846154
0 0.21875 0.1875 0.027644230769230768 0.02403846153846154
0 0.1814903846153846 0.24278846153846154 0.02403846153846154 0.038461538461538464
0 0.09975961538461539 0.5240384615384616 0.038461538461538464 0.08052884615384616
0 0.12259615384615384 0.6153846153846154 0.03125 0.078125
0 0.26802884615384615 0.8389423076923077 0.038461538461538464 0.04447115384615385
0 0.30528846153846156 0.8617788461538461 0.03365384615384615 0.03365384615384615
0 0.34134615384615385 0.8786057692307693 0.03125 0.027644230769230768
0 0.3737980769230769 0.8930288461538461 0.025240384615384616 0.021634615384615384
0 0.40865384615384615 0.9110576923076923 0.03485576923076923 0.028846153846153848
0 0.46033653846153844 0.9254807692307693 0.06009615384615385 0.027644230769230768
0 0.5168269230769231 0.9302884615384616 0.040865384615384616 0.02403846153846154
0 0.5757211538461539 0.9338942307692307 0.06610576923076923 0.03485576923076923
0 0.6322115384615384 0.9122596153846154 0.046875 0.027644230769230768
0 0.6730769230769231 0.890625 0.025240384615384616 0.03125
1 0.30528846153846156 0.6706730769230769 0.02403846153846154 0.021634615384615384
1 0.3293269230769231 0.6971153846153846 0.021634615384615384 0.019230769230769232
0 0.7043269230769231 0.8725961538461539 0.025240384615384616 0.028846153846153848