0 0.8509615384615384 0.26802884615384615 0.038461538461538464 0.04326923076923077
0 0.8990384615384616 0.3173076923076923 0.046875 0.06490384615384616
0 0.9242788461538461 0.38221153846153844 0.04326923076923077 0.056490384615384616
0 0.9314903846153846 0.43990384615384615 0.03125 0.05889423076923077
0 0.9254807692307693 0.5180288461538461 0.02403846153846154 0.09134615384615384
0 0.8978365384615384 0.6610576923076923 0.018028846153846152 0.07211538461538461
0 0.8846153846153846 0.6983173076923077 0.038461538461538464 0.040865384615384616
0 0.6213942307692307 0.12860576923076922 0.0625 0.03125
0 0.6959134615384616 0.16105769230769232 0.021634615384615384 0.018028846153846152
0 0.7319711538461539 0.18028846153846154 0.028846153846153848 0.02403846153846154
0 0.765625 0.1971153846153846 0.03125 0.027644230769230768
0 0.7992788461538461 0.2247596153846154 0.027644230769230768 0.027644230769230768
0 0.8257211538461539 0.2403846153846154 0.018028846153846152 0.027644230769230768
0 0.3389423076923077 0.14302884615384615 0.06490384615384616 0.02403846153846154
0 0.22956730769230768 0.18990384615384615 0.037259615384615384 0.025240384615384616
1 0.5180288461538461 0.25240384615384615 0.0625 0.028846153846153848
0 0.04927884615384615 0.4963942307692308 0.037259615384615384 0.12139423076923077
0 0.052884615384615384 0.5913461538461539 0.03485576923076923 0.0625
0 0.07932692307692307 0.6586538461538461 0.037259615384615384 0.05889423076923077
0 0.13581730769230768 0.7463942307692307 0.025240384615384616 0.03125
0 0.16346153846153846 0.7788461538461539 0.021634615384615384 0.027644230769230768
0 0.18990384615384615 0.8088942307692307 0.028846153846153848 0.027644230769230768
0 0.21995192307692307 0.8257211538461539 0.025240384615384616 0.027644230769230768
0 0.24759615384615385 0.8449519230769231 0.021634615384615384 0.025240384615384616
0 0.49759615384615385 0.9026442307692307 0.05889423076923077 0.019230769230769232
0 0.5552884615384616 0.9038461538461539 0.046875 0.019230769230769232