0 0.65625 0.04447115384615385 0.05048076923076923 0.05889423076923077
0 0.8521634615384616 0.2608173076923077 0.021634615384615384 0.025240384615384616
0 0.45072115384615385 0.028846153846153848 0.027644230769230768 0.021634615384615384
0 0.30649038461538464 0.09014423076923077 0.038461538461538464 0.027644230769230768
0 0.14543269230769232 0.3076923076923077 0.028846153846153848 0.04927884615384615
0 0.12259615384615384 0.41586538461538464 0.025240384615384616 0.038461538461538464
0 0.12259615384615384 0.5288461538461539 0.018028846153846152 0.0625
0 0.1935096153846154 0.7632211538461539 0.02403846153846154 0.03365384615384615
0 0.2127403846153846 0.8052884615384616 0.027644230769230768 0.03485576923076923
1 0.36899038461538464 0.765625 0.046875 0.06610576923076923
1 0.25721153846153844 0.5060096153846154 0.019230769230769232 0.04326923076923077
0 0.5240384615384616 0.9699519230769231 0.02403846153846154 0.025240384615384616
0 0.890625 0.36177884615384615 0.02403846153846154 0.052884615384615384
0 0.8341346153846154 0.7632211538461539 0.01201923076923077 0.018028846153846152