0 0.0889423076923077 0.6899038461538461 0.03365384615384615 0.109375
0 0.06129807692307692 0.44471153846153844 0.013221153846153846 0.07451923076923077
0 0.8413461538461539 0.30288461538461536 0.027644230769230768 0.055288461538461536
0 0.4026442307692308 0.9555288461538461 0.046875 0.037259615384615384
0 0.7728365384615384 0.8197115384615384 0.025240384615384616 0.040865384615384616
0 0.25240384615384615 0.11538461538461539 0.055288461538461536 0.027644230769230768
0 0.5336538461538461 0.06009615384615385 0.10697115384615384 0.025240384615384616
0 0.7980769230769231 0.23197115384615385 0.021634615384615384 0.038461538461538464
0 0.3401442307692308 0.08052884615384616 0.038461538461538464 0.02403846153846154
0 0.07091346153846154 0.5697115384615384 0.025240384615384616 0.11538461538461539
0 0.26802884615384615 0.8978365384615384 0.040865384615384616 0.037259615384615384
0 0.7427884615384616 0.16466346153846154 0.021634615384615384 0.040865384615384616