0 0.3112980769230769 0.9122596153846154 0.08052884615384616 0.05889423076923077
0 0.8689903846153846 0.6189903846153846 0.02403846153846154 0.05889423076923077
0 0.8774038461538461 0.49759615384615385 0.025240384615384616 0.08774038461538461
0 0.7944711538461539 0.22235576923076922 0.056490384615384616 0.06971153846153846
0 0.18870192307692307 0.23197115384615385 0.052884615384615384 0.052884615384615384
0 0.6730769230769231 0.9110576923076923 0.04927884615384615 0.040865384615384616
0 0.6057692307692307 0.9447115384615384 0.10096153846153846 0.04326923076923077
0 0.10697115384615384 0.5204326923076923 0.015625 0.07211538461538461
0 0.13341346153846154 0.6634615384615384 0.040865384615384616 0.10576923076923077
0 0.5180288461538461 0.06009615384615385 0.13221153846153846 0.037259615384615384
1 0.7199519230769231 0.38822115384615385 0.037259615384615384 0.056490384615384616