1 0.7596153846153846 0.34615384615384615 0.02403846153846154 0.027644230769230768
0 0.04567307692307692 0.47596153846153844 0.03365384615384615 0.21153846153846154
0 0.26322115384615385 0.12259615384615384 0.06850961538461539 0.02403846153846154
0 0.5444711538461539 0.06490384615384616 0.07572115384615384 0.027644230769230768
0 0.5180288461538461 0.9134615384615384 0.09615384615384616 0.025240384615384616
0 0.2247596153846154 0.8305288461538461 0.038461538461538464 0.03365384615384615
0 0.27403846153846156 0.8545673076923077 0.04326923076923077 0.018028846153846152
0 0.14423076923076922 0.21995192307692307 0.027644230769230768 0.052884615384615384
0 0.39783653846153844 0.07091346153846154 0.04447115384615385 0.028846153846153848
0 0.9362980769230769 0.38221153846153844 0.028846153846153848 0.08173076923076923
0 0.6875 0.09735576923076923 0.05048076923076923 0.027644230769230768